7.022110
1.224859
6.119113
5.617985
0.098516
0.734630
4.572513
8.456964
1.264288
3.182336
5.901535
6.976652
6.355125
5.488321
5.199457
2.584191
1.070777
2.895180
7.728316
5.826980
7.646280
9.666886
7.515976
8.002482
6.353398
3.722391
3.250462
1.500496
8.087406
5.063729
8.262410
1.939351
8.726600
0.803845
3.535008
6.667351
7.852824
1.233919
3.946298
6.708392
1.087492
1.138328
4.781927
3.908398
6.666036
1.014337
8.229886
8.448475
0.909164
8.548781
3.514433
2.754807
2.011494
3.948574
0.757599
7.496610
3.772028
1.601964
9.391975
7.224385
7.284660
1.011572
1.992550
9.383325
9.628268
2.234402
1.063720
6.252739
2.009716
0.372092
0.020342
1.631491
7.398058
3.302495
6.756092
1.726087
2.108282
9.647286
5.371022
4.319297
8.334334
3.646465
1.187003
7.237984
9.860182
3.945766
9.838848
8.991061
6.832255
3.923975
4.176395
6.109839
2.628187
9.771786
5.141253
2.927080
6.499348
5.560836
2.556085
7.091622
0.515166
3.934581
6.072893
0.772587
1.661621
2.152573
3.584445
4.594008
8.227122
7.195839
5.966117
6.685030
6.942677
9.358016
1.834070
1.289052
0.620345
3.295445
9.486324
5.673912
8.791195
4.379481
6.321602
9.824433
2.480031
3.296579
6.773538
3.287438
7.152293
6.884727
7.625747
4.896670
9.889080
4.325467
1.458399
6.337741
5.565411
1.719792
1.673417
8.309000
0.866008
7.057611
6.527707
9.124589
1.271740
8.265529
2.353889
2.067255
0.522683
3.054588
5.632966
0.041468
2.516266
8.759685
1.578920
9.416772
1.165203
3.981815
7.581247
8.466567
2.180636
1.324724
3.173546
8.958217
3.290322
9.529190
0.680765
7.536963
7.035635
9.585126
3.945954
5.720256
1.645279
7.486951
1.542340
4.280738
3.181367
4.505181
4.063091
8.557145
8.697744
3.781726
4.733821
3.857268
7.439864
9.135935
4.083648
9.468530
1.655065
0.853926
8.922779
5.757647
9.955538
6.101919
8.082597
0.709230
5.213205
8.148575
5.227438
8.770541
3.774256
6.435792
1.544065
7.515758
8.299253
8.901638
9.385333
9.153057
7.909907
5.917069
5.411508
1.293509
2.497426
4.623816
4.872028
2.085017
0.304011
0.582268
9.156525
2.156566
0.673428
1.903470
6.979235
2.475998
5.676667
3.468094
2.689527
2.724673
1.823268
2.787433
6.745402
1.751147
2.050055
6.834722
6.479041
8.463643
5.536822
3.021631
3.194385
1.077541
5.042318
3.180555
5.649923
0.856136
2.833715
1.084693
5.175392
7.369886
1.028255
4.352364
7.538391
8.248824
4.731697
2.626843
4.048575
4.038118
0.936935
5.356865
6.230787
4.873984
5.075467
6.332880
5.321794
2.408672
2.741809
9.865046
4.748089
0.837001
9.426466
1.918001
3.936221
7.116250
0.834139
9.151205
9.815512
9.052335
2.266049
8.994413
7.778407
0.304867
4.482190
7.984999
9.704556
9.301644
3.913680
2.016467
7.017186
1.157678
5.745603
4.911017
6.717087
7.509703
0.428747
4.298553
2.491259
8.286083
3.835288
1.756704
8.744340
9.200127
7.880796
4.381630
6.757892
6.055469
3.395262
4.569658
6.506693
1.634973
0.866842
4.457091
2.680363
2.735444
2.723192
5.159662
9.158316
9.372819
5.968928
3.095553
9.003829
6.242989
9.004479
3.376462
9.212835
4.698034
8.234007
1.726062
9.192638
6.236034
9.954748
3.833306
0.417268
7.795293
8.810171
9.962303
6.401956
9.815118
6.899771
6.712160
3.529446
9.569194
8.273357
4.248021
7.322667
8.038905
6.712418
6.586203
3.659153
0.441749
0.566977
8.293573
4.016205
9.653409
4.810698
2.600954
7.506657
8.153320
2.934850
8.732939
3.016001
0.770862
0.206117
0.718719
4.138316
0.326184
5.560043
2.316540
4.936584
0.088849
7.272120
4.773340
0.190948
7.255870
0.706761
6.324920
4.074971
2.271308
5.629892
6.846508
2.909518
4.387181
1.657603
7.044912
8.276442
9.318096
7.254978
0.856901
7.202922
4.103378
7.937086
5.033069
3.973279
0.084887
0.003264
7.834079
1.694954
6.704600
8.160731
4.692345
2.766035
1.047341
4.429423
5.683392
3.414712
3.535558
6.529591
9.077095
2.055675
8.137280
7.551939
3.903952
7.029891
5.775491
3.910588
5.106117
2.281507
7.309266
4.019389
3.730736
7.609422
9.615100
4.022370
5.372250
7.422194
9.736578
6.336320
2.704033
1.668239
7.506322
3.853130
9.309767
7.567516
8.390581
0.542214
9.180451
2.295210
8.583437
2.996810
9.352448
3.505093
2.796055
9.605704
9.330537
5.599450
1.075290
9.013870
6.140816
8.496487
8.070846
4.646033
5.609930
7.241960
9.053516
1.856630
1.174729
3.090277
3.988819
8.478890
3.987447
8.794000
1.330363
2.467221
3.303720
5.252773
1.276450
7.340880
2.520687
0.438354
4.313986
3.699770
1.638154
5.466942
0.765228
3.870620
6.321149
0.326800
9.981707
9.788421
7.478933
5.762674
9.208477
8.279184
6.564979
0.872261
8.230792
4.227104
6.824191
8.781215
6.351190
3.067953
0.622881
5.169712
2.735817
9.981554
7.407206
1.457453
3.111653
8.252261
2.574224
5.429349
2.088586
9.359271
3.334761
8.370096
3.467959
3.176682
2.095452
6.956064
3.110329
4.244433
2.588309
0.594758
1.922891
3.638967
8.662176
4.054934
7.262380
1.705608
5.220753
9.571752
2.226730
6.830477
8.989793
1.682441
1.103326
7.560282
0.377220
2.467524
9.554998
9.061418
8.253850
5.617493
6.529281
5.836814
0.399374
6.141271
8.598826
5.465501
0.156800
6.606953
0.747660
1.963542
1.653772
4.387430
6.999172
1.079663
7.120550
8.547452
9.028263
6.200989
4.395444
0.009945
5.896232
3.581242
5.094860
6.551235
8.684467
4.801139
0.425653
0.804275
4.699226
1.480477
6.691954
3.095621
8.378342
7.577297
0.098509
7.608612
3.074253
3.832063
3.838941
4.088843
2.091063
1.371633
0.254681
5.688766
6.571855
5.569500
8.933339
9.430914
4.971733
6.826446
6.370641
9.205794
7.812347
1.208006
8.195349
3.070594
1.690542
5.452365
8.646771
7.718228
4.112489
0.110081
7.249258
0.873649
2.915825
1.834514
3.379127
0.700677
0.598067
3.612375
0.163333
1.959705
8.399628
5.543318
1.986847
1.202419
5.236359
8.769886
5.677917
3.329540
2.305778
9.199108
9.122194
7.999170
8.443537
2.388879
4.151140
2.885753
2.693628
9.438815
9.455921
1.466198
0.258579
5.645781
3.450836
9.689849
8.466707
5.464192
7.905476
3.959932
2.697768
3.971137
5.983953
4.353343
1.112206
2.073249
1.922512
7.586666
7.734197
1.482619
6.282496
8.173934
7.377115
3.175168
0.890360
5.350763
4.734314
3.280584
4.540662
9.065145
6.079805
5.130292
1.968160
6.807335
8.046865
1.875241
1.879465
6.927606
2.718459
8.687676
6.383671
7.403932
3.243071
7.147288
7.418975
9.134220
9.530582
8.297116
4.310438
6.508763
4.382318
0.757142
4.573888
9.183419
6.261092
7.542831
5.944789
1.220749
8.410182
5.165006
5.179222
9.250818
3.277047
4.436489
6.340871
8.767575
9.561295
2.258966
6.631562
1.351351
0.933139
1.992215
2.357599
3.397095
7.194064
8.535914
8.996940
3.423454
4.348429
5.251019
5.782110
3.981028
4.750620
0.549446
3.160701
4.762414
1.742508
0.982767
7.196904
5.309754
2.261622
0.912087
2.010595
0.844584
7.038923
5.789137
3.464302
7.003540
6.180011
8.849077
2.346794
5.378546
9.744886
2.674194
8.621676
6.908750
6.567805
2.258449
0.884840
7.229384
7.663654
9.079185
0.416760
6.292182
2.149191
5.077815
0.676529
4.939644
6.336473
3.879700
5.386081
5.415507
4.034116
7.698429
4.046451
7.657684
0.844058
6.244677
7.761911
0.559338
4.981636
6.049750
6.267858
0.021434
8.514590
8.462737
1.398408
6.331148
0.934680
6.537060
6.246073
7.167011
0.659043
4.791933
6.741820
9.383945
3.048077
1.096840
0.210719
4.863489
3.344022
5.039522
4.144998
7.915841
5.613700
9.441546
6.802937
1.620345
8.560327
6.802166
6.365725
5.521896
7.164284
3.126409
5.597351
4.926604
0.624754
5.450369
9.208657
0.329471
0.274698
5.031807
3.009710
0.373878
5.719954
6.626415
2.219278
6.991287
2.746722
1.680619
5.495007
3.080550
1.364639
3.145257
1.149328
6.348854
9.581792
7.062170
1.925470
3.640289
3.774977
0.624684
4.628716
7.861645
9.762976
9.148152
8.338845
6.551474
2.026132
3.281463
6.312798
7.529637
6.119712
2.319469
3.811643
6.345226
7.850889
5.092312
1.217871
2.946545
0.761415
3.639519
3.754546
7.243138
8.014584
3.409095
6.924369
8.592236
9.916436
1.375487
4.605049
8.350422
5.912277
2.803700
5.599462
8.424490
8.785952
8.673811
6.653305
3.271073
5.809763
7.973123
3.979716
9.662801
4.936488
8.685818
0.383574
0.313852
7.377172
3.428904
4.720222
7.646788
8.377739
9.472469
3.481607
6.090849
3.324038
9.800425
5.269609
5.896449
0.777953
0.518948
1.368408
6.969319
0.089386
0.656771
8.415832
6.750841
0.696572
2.250814
4.514486
6.552335
4.591591
5.378568
1.301969
4.187072
4.776206
8.149060
3.336757
0.570991
5.428809
8.179453
2.428662
0.520705
7.260407
6.108936
5.590346
3.593903
1.937823
5.859833
7.764639
4.169681
8.165610
3.614106
8.089301
4.426423
5.246096
2.691415
7.355896
5.713075
0.657690
6.844616
8.990130
4.823712
0.636926
6.737703
3.000655
2.504974
4.146614
2.980147
0.804215
7.563652
2.368760
6.464861
1.916697
3.424269
7.977338
5.493942
1.700532
8.376648
8.937114
1.622091
0.412515
9.207966
8.222610
7.769847
0.814437
9.765211
8.338079
0.833547
4.232223
7.398415
0.124393
4.860430
8.565939
7.960366
5.792096
9.676495
2.557657
6.590349
3.399131
4.346926
3.392664
8.061724
3.604183
7.277744
0.707305
0.778758
0.964649
4.005568
1.893916
0.232433
6.813198
2.559824
1.704714
9.795996
9.319508
0.850426
0.146389
8.345573
2.237880
2.438616
8.697703
8.109372
4.873805
0.744775
9.885862
4.407515
0.502081
2.640373
9.425223
6.141176
7.193119
0.971116
8.433056
1.451716
7.350516
3.119824
4.847273
3.855606
5.608203
6.564646
0.518513
7.750572
6.901824
3.077327
4.309767
2.529816
2.474739
8.319173
3.167649
2.573203
0.345368
3.606023
6.486154
7.651968
0.511604
1.360914
5.209439
5.647574
4.744474
1.444819
2.024302
6.644558
0.848226
2.750688
5.632254
0.111318
0.627528
8.025651
0.442873
9.987818
7.450200
7.836085
7.248021
4.952715
4.570659
1.034754
7.122928
1.499602
7.254925
4.450579
0.302384
3.276645
7.446479
4.827441
0.199606
0.412095
7.280695
2.517106
3.017802
6.078127
0.082821
0.070973
4.382114
5.090095
2.043814
3.905933
1.631797
1.547482
6.554507
9.828340
9.907277
6.387323
4.588014
7.458645
6.352761
6.802289
5.510082
4.945533
2.842734
9.579328
5.461326
7.649865
2.628444
3.351463
0.535999
7.822230
6.519111
4.365671
0.534331
5.093293
1.272800
2.065031
8.440603
0.235981
7.339395
9.024438
4.023789
4.795250
7.002402
9.221117
7.538383
2.249721
5.131079
4.098243
9.347616
3.327157
2.938678
0.762581
5.440931
6.875011
1.879426
0.239182
7.574886
7.232041
7.223370
3.473458
7.206688
6.356779
0.928618
7.887657
2.133098
8.814222
5.526399
0.402228
3.478182
7.845771
5.020116
3.454012
2.505237
7.182255
5.733652
0.676703
8.379081
2.551955
7.906078
3.971617
3.460189
8.889432
0.699922
4.991043
6.890942
5.433620
2.325316
7.644614
9.570931
4.147537
0.973652
4.926367
7.632983
1.911211
8.412946
7.331451
4.373278
2.146326
3.687682
2.410715
6.279042
0.821223
1.608043
3.540221
1.735699
6.517884
5.121765
3.220938
7.172137
7.112942
8.846932
0.914782
8.053996
1.109369
1.915842
9.510577
6.842249
7.082617
4.122140
4.252732
4.206160
1.331956
3.498378
1.390797
0.500115
6.596414
6.080403
3.622773
1.031194
8.454204
2.063953
5.572992
7.443701
4.363891
0.611985
1.953709
0.583051
1.221029
9.068545
6.974579
2.617405
6.137831
1.303417
0.941781
3.631952
3.130409
7.834630
3.418409
8.159317
3.357969
8.299758
6.113570
5.921184
7.500697
9.058485
3.581469
7.829200
1.483348
8.621709
0.225599
4.545771
2.372941
2.678520
5.717840
6.821055
3.895783
7.695755
6.678763
6.206151
7.464899
5.798232
5.378855
2.749693
8.892806
4.764733
1.005597
7.831332
1.419738
6.390362
8.213905
7.297852
9.800535
5.965095
5.285568
5.872175
1.919287
6.267868
9.015004
8.615483
9.901063
8.566366
1.548208
3.640093
7.904713
2.297916
3.507083
6.450506
7.956827
5.611527
8.622810
3.820604
7.293126
4.954603
4.636773
6.670429
2.842209
9.792914
1.733960
4.818881
5.680788
5.237721
9.783386
9.285516
7.202901
2.434148
0.030035
6.405470
6.699351
3.412369
0.458565
1.822059
2.012588
0.585362
4.543944
6.720876
2.804239
4.263856
8.214565
3.913749
8.014011
7.244358
6.127472
3.595212
9.752849
1.884010
1.283941
1.908425
4.213792
5.985803
4.019371
9.117916
8.291780
8.096810
8.102687
6.059391
1.661151
8.041713
1.217636
9.016752
1.105963
0.304367
9.154540
5.159167
5.445186
3.201225
4.568537
8.203515
4.234166
4.409885
0.068388
3.365463
5.911506
0.815044
1.285454
7.541312
1.183583
0.871920
8.316603
8.432638
8.732384
9.798639
0.574571
7.533678
9.169876
8.330355
0.976927
4.422508
2.683760
6.111806
9.109533
7.987395
4.472820
6.129614
1.763395
0.223810
3.071915
6.679660
4.903239
6.277375
0.137401
6.010732
2.844896
1.791606
5.572035
7.393039
1.863281
9.018840
1.400993
8.928953
4.854779
5.510153
3.026782
2.835928
9.989501
5.496452
4.837545
8.327286
2.778122
1.308458
0.846681
4.508630
4.717863
6.095268
9.284661
2.874087
7.859899
5.743051
2.833555
9.254511
5.902664
3.533476
1.774526
5.670721
3.517882
9.980056
1.587808
8.878249
1.003840
7.869119
1.722888
7.320383
0.686945
3.298606
0.499623
6.197418
9.048535
6.503871
5.127813
3.748676
5.764656
5.552971
2.834178
6.161523
3.264275
6.935339
8.532361
0.302707
3.585988
9.552680
8.349957
9.003934
5.673454
1.569925
0.896423
1.196627
9.072368
1.081061
1.098323
2.045114
2.310871
0.781047
0.220118
4.772836
7.631265
0.123761
7.820592
1.702650
8.201100
7.368300
5.702983
7.182169
2.855073
3.504233
9.767486
8.481115
0.918743
5.495108
8.430761
6.591949
6.114010
7.118592
0.687378
2.580457
7.791909
6.930876
5.714683
8.440816
8.227595
3.863294
3.003145
3.142843
0.475621
7.903700
2.866472
9.134645
4.394836
7.297602
9.980908
5.124063
9.366985
1.054765
9.739580
1.025879
1.282518
3.992652
1.881725
7.589093
7.309036
9.784990
7.456198
1.841117
8.919885
6.416813
8.634115
0.635393
1.813213
5.136856
9.595369
8.727956
1.167055
6.106906
3.407396
9.382842
3.216550
2.805816
5.185901
3.184482
0.855042
7.875388
5.020435
8.585453
8.567260
7.852744
3.222109
7.660232
7.478756
9.895473
3.647168
5.852162
2.365201
6.090307
0.325778
6.067889
3.704156
4.628695
8.039969
3.922196
8.192014
2.654246
5.507144
4.101992
2.703633
3.774112
0.455803
8.395540
8.796787
5.042685
5.834685
1.695958
5.524760
1.546364
1.626350
6.354695
2.242776
3.081390
3.758079
2.946027
7.021971
6.223784
3.141153
3.243087
7.980393
0.238264
8.873840
8.817948
7.543515
7.429627
8.880172
8.641004
1.500374
8.997988
7.117053
1.321716
7.901679
0.962049
8.940831
9.845513
6.441090
1.293496
8.407214
2.639674
3.760101
0.823968
9.285072
4.700585
0.975702
6.088671
2.738734
8.993583
5.814201
9.548438
0.491254
0.938913
3.394742
1.593387
3.151560
2.631931
9.255342
5.721510
9.385269
6.217495
1.541104
8.444091
5.542321
4.350754
9.787746
2.911884
9.507548
1.376614
2.469909
7.673944
6.272173
8.304156
6.431238
7.630090
4.851935
5.792565
3.207418
9.471352
5.865787
8.277584
7.489319
7.193195
8.539582
5.151544
9.055345
0.577482
8.114460
5.740894
8.943429
3.130801
8.222752
4.177616
4.906489
0.414026
2.406212
3.008627
2.882474
1.449818
9.809948
2.666947
8.861245
0.582478
2.429777
9.640252
1.739298
4.919001
2.998465
8.092345
9.124091
5.135275
9.940198
7.461531
1.822238
9.251153
6.508508
9.254881
7.091808
3.930059
5.569931
2.426170
6.942697
8.925733
0.231876
7.997683
2.789251
3.013174
0.689675
7.800761
4.738316
0.377261
9.173093
7.402531
0.787625
8.351577
0.834026
3.987225
9.303331
0.176019
8.612255
4.179728
6.260608
0.647555
1.126002
5.440807
5.439133
2.149741
0.639798
7.519152
8.587845
5.854050
2.343227
8.979729
2.064917
7.882529
7.983725
5.176853
4.778577
6.449214
1.100719
7.196779
0.566805
7.498723
5.387691
0.155565
6.685253
0.350902
3.768745
5.701464
2.507330
1.567338
4.260279
7.124692
4.713901
1.497627
6.609628
6.374833
3.826784
5.439036
0.123110
0.566869
3.184531
9.922923
3.368112
4.854342
0.621662
8.813819
8.760467
0.817042
5.066030
9.434306
4.647807
4.364473
5.918215
8.496610
3.953612
3.480324
5.006862
4.914090
7.650726
4.378991
1.616865
5.092871
0.992503
4.898986
2.017314
0.289889
1.528576
1.081391
0.590837
7.045899
8.514948
5.578178
3.387457
1.744281
0.483004
8.839579
6.123369
0.464230
7.637532
0.765345
2.855338
5.801163
3.243751
5.687188
5.076645
2.661053
4.842997
7.084783
8.129242
0.708202
8.870100
5.967060
6.455888
7.804301
1.152697
8.488640
1.377787
0.951087
0.454077
0.381890
0.204164
4.342867
5.419962
9.900392
3.945324
4.052418
1.525677
5.886722
3.825868
0.329838
7.630998
1.891950
6.174615
7.249977
0.831240
8.909095
6.270826
3.608684
7.080478
4.932625
3.459969
2.403076
2.907601
7.802179
8.512615
6.950511
4.360548
7.167939
2.836200
7.305143
7.410565
6.989949
7.993506
5.095906
1.751882
7.738565
2.150013
4.723856
2.675618
4.714685
4.944518
0.798648
1.188831
3.978450
3.187057
7.982103
0.767089
1.824096
8.564256
3.527971
5.520749
4.884559
5.801070
4.697807
8.148806
0.715506
6.006210
9.566021
7.443384
2.598951
2.336180
4.690153
2.350511
5.199942
6.683880
1.453470
1.387976
9.196125
3.009605
5.544451
4.467722
2.304284
2.557038
6.539165
1.190022
8.696860
5.005055
2.056897
5.994649
7.028305
3.743233
1.549670
8.448825
6.817988
2.994174
8.201306
0.431974
5.068236
2.758183
7.437504
4.261081
5.867247
1.052932
8.858194
9.892779
1.664930
3.631323
2.137139
9.171541
0.661328
9.469628
6.034404
9.480721
6.713779
4.860808
1.498317
8.367740
0.068208
4.790275
0.696420
4.116253
5.486637
1.766570
1.789229
6.561572
7.065256
5.110418
5.741021
0.630465
9.311914
1.919215
3.000964
2.712680
3.647305
4.246361
0.942334
2.195431
9.518518
5.378913
7.627582
2.127471
0.239648
8.940278
1.221378
2.197174
2.811714
5.197496
1.649767
2.260986
3.710447
7.721508
5.505311
6.523970
4.582691
2.279104
1.295487
9.113329
4.106826
1.991525
6.047539
0.096870
5.629453
2.281020
0.656192
5.746654
2.685747
6.902989
5.152272
6.361437
9.869551
9.566443
0.026332
4.482890
7.847336
9.513652
7.508567
5.250878
1.536864
5.383760
3.941291
8.677963
6.868287
0.911144
2.850173
7.514943
7.630551
2.634150
0.860543
9.730601
6.848677
9.979391
9.855271
0.428511
3.908818
4.172316
0.583117
2.197538
1.475654
9.401782
9.827098
9.779116
4.634888
8.573853
7.731471
9.672341
8.465871
5.017862
1.899500
8.486846
6.157309
6.888642
8.185714
4.884376
0.455983
8.232328
1.051156
9.438413
8.488783
0.642417
4.858204
9.907963
9.226730
8.879590
1.762703
8.304530
8.878121
4.940792
3.983112
8.733003
3.469132
7.407658
9.746850
4.341690
1.905773
9.515798
0.000417
4.029629
0.841608
6.930263
0.565046
7.824217
5.420516
6.884311
2.549927
4.106999
1.368858
6.250798
7.288603
4.492289
0.904529
5.902351
5.437183
6.479760
8.806192
0.617179
7.833785
7.451587
2.120597
0.238030
6.473671
5.428508
4.796077
8.942553
0.655091
8.967624
2.865206
4.164587
2.407536
0.285293
2.265838
5.203404
8.085943
7.840658
3.326711
5.730252
7.792184
7.140011
4.602148
1.818993
2.858884
8.682251
7.818263
3.606418
4.247159
1.762457
4.770469
5.228539
0.788517
1.158759
2.119827
5.713074
8.803265
4.071721
6.567939
7.208770
6.240631
1.213524
5.738028
5.975784
2.502926
4.924676
1.394990
4.677664
1.032876
6.926076
9.211247
2.406834
8.895609
5.324426
3.565087
8.754418
0.720172
9.377018
9.065385
0.364690
7.121851
7.883531
7.770250
7.981333
0.426740
6.054145
1.996594
7.642305
8.806449
6.772565
5.313718
4.243099
2.603884
0.208097
4.014645
9.790892
8.551807
2.754460
6.677551
9.584035
7.513642
5.204672
7.592208
1.946644
8.166426
6.339717
1.150025
3.934201
7.544802
2.737025
2.913870
2.632337
5.802267
2.196637
0.789169
7.238873
6.698960
6.145576
7.144963
4.625013
0.865857
9.470344
8.571378
9.081043
3.562219
9.609780
1.382596
4.663338
7.803333
1.477574
5.122241
7.720197
2.443407
8.576976
2.771966
0.843963
1.997925
8.033873
5.012056
9.054027
4.932492
1.435627
6.856767
7.780183
5.880385
2.773106
3.009786
7.178414
9.170768
0.312584
4.757861
2.122632
1.105606
5.645605
2.931242
7.889424
1.326758
8.654567
2.369406
7.099517
6.798181
0.596987
2.261501
6.964662
8.141770
0.631388
2.770557
1.265964
9.431763
5.588546
0.568000
9.138200
6.639459
9.309098
5.544923
4.450106
6.824619
9.805894
8.064500
2.735508
5.153937
4.323391
5.172794
3.146521
4.588856
1.374959
4.029698
7.190886
3.957418
3.198225
5.859956
7.450901
6.898853
6.443163
4.061080
7.989385
3.516080
9.423849
5.762181
6.446345
5.656672
2.963044
7.417779
4.498695
4.704330
5.108548
3.071387
6.501163
3.052856
6.989346
7.724250
9.535952
5.953684
8.317486
7.520739
8.806518
2.100900
8.984569
9.762942
1.647667
0.536831
8.316113
5.400273
9.022390
7.844915
6.884677
8.460363
1.132754
0.463984
3.203861
8.454176
8.159727
8.509466
2.680603
0.047557
5.663430
5.513127
5.502090
6.597963
6.123100
7.036477
2.065807
6.160463
8.011805
1.378289
2.188427
8.114876
6.813574
9.438133
3.855150
1.441979
2.999756
3.225439
3.430865
6.586159
9.738484
2.973076
0.946907
2.084281
3.642581
6.719459
3.011310
2.928088
2.506065
8.719633
4.329649
7.691378
0.032388
2.380086
4.458548
5.174150
5.768335
1.760390
8.218711
2.868483
7.518629
5.708849
0.905871
1.625369
3.018947
4.573353
5.134105
1.214812
5.562685
6.640192
9.079353
2.211504
2.703659
5.577880
8.515800
7.216510
4.332544
2.390850
3.296641
5.841512
3.995390
0.109119
3.872554
3.284015
3.034113
8.052550
7.763657
5.561875
3.560579
5.919157
1.900964
9.449144
4.805514
7.557281
1.715061
6.992088
5.745424
1.905268
2.300784
2.034315
5.764086
7.758068
6.495912
7.885671
5.111672
6.316392
0.689563
2.661813
0.591981
7.331144
9.706971
5.952797
5.549521
2.769927
6.984615
2.065940
8.925066
6.066632
8.586145
7.888756
0.034589
5.922678
4.454281
9.473183
5.329065
7.134679
4.548140
4.250873
0.358078
8.605746
7.841653
7.888331
8.353386
7.584518
8.705900
4.059223
5.718949
5.395957
0.309314
7.317639
4.465625
0.106063
9.850358
6.118167
5.986826
7.947811
6.683896
6.794568
2.319139
1.349420
1.074217
1.605721
2.534474
8.670698
5.717736
5.089444
1.327411
0.411849
4.071343
1.978650
6.168260
2.514156
1.394268
3.220717
3.821528
4.567180
3.788000
8.327585
7.656161
4.242726
6.566987
3.017799
3.363935
5.690159
7.495681
4.367593
6.608985
9.803000
3.670125
2.837945
2.113764
4.504286
1.143841
4.145376
8.300636
6.772018
7.233449
4.770910
3.773708
7.386708
6.707120
5.764621
9.504986
2.228316
1.381348
7.924507
0.031332
7.866897
4.540747
2.611858
2.831823
5.636658
7.877784
1.141142
3.156098
6.792785
9.952674
2.984550
6.920120
2.480779
4.892927
7.937676
9.437891
6.650711
0.545021
3.169549
5.866776
3.782733
6.871605
4.356609
4.691344
2.715395
4.321032
2.779145
2.635841
5.966565
6.366524
4.480927
0.162171
2.489875
8.001478
4.870458
9.862664
9.380694
0.464447
0.858723
6.855855
2.512826
2.855753
6.406425
5.778599
3.279214
5.490244
9.603053
1.444473
5.995132
2.775915
6.190430
1.049147
1.828169
4.049550
8.673434
9.270188
5.169965
3.658301
7.731600
6.821735
4.219855
4.188306
8.110455
6.816347
6.587992
8.052473
1.555190
8.080936
9.136343
1.593094
1.808500
6.504965
5.835902
1.282313
7.281528
5.354643
3.653897
8.700997
4.516790
8.725810
1.684583
5.382152
8.778183
4.464126
9.224071
9.166163
9.186557
8.559470
8.948451
5.220279
3.064439
9.506000
5.347777
4.856662
2.400715
7.653887
3.176482
5.898606
5.084666
2.314905
5.860767
5.936103
0.337224
7.925364
5.857862
3.023736
2.175138
0.365811
8.945668
1.708482
4.835103
5.714766
7.296278
5.639665
6.013097
1.733481
0.029517
8.783834
6.571764
3.740038
6.730583
8.503589
6.860737
2.299450
1.098476
6.206421
8.796708
0.166268
6.244750
2.568751
5.863127
2.057373
9.224373
3.786882
3.829769
9.893163
1.919053
9.255568
2.303717
5.871989
9.939476
2.116706
9.963201
1.349724
2.723541
3.449069
8.398623
1.508560
7.622669
7.986799
6.084692
3.063960
7.324142
1.133569
1.611356
2.103552
7.415640
7.446778
2.698936
3.110472
4.828608
9.871883
9.913556
1.885489
6.051560
0.498279
5.078063
0.187148
2.889340
4.062728
6.450220
2.572928
9.380180
0.451662
4.659654
0.907565
7.786905
0.356485
6.190675
7.130471
6.361500
3.790625
8.955540
4.215973
8.772708
1.914545
7.042075
7.014847
3.639218
2.431385
9.713144
4.147679
0.635684
6.031176
1.483503
2.346169
4.730336
4.971400
0.374009
8.338740
0.684354
7.922536
1.476713
0.794792
8.502052
0.668739
3.115979
6.641709
7.892275
7.468758
8.848382
0.275722
0.570976
2.856333
5.094765
1.978170
5.115173
4.269879
2.450769
4.125279
6.981650
9.095141
4.522340
0.103423
5.540852
4.680138
3.917141
1.730771
3.346948
9.571439
1.018639
2.023678
1.992431
6.882610
8.815546
2.549764
7.324879
3.926381
6.879048
7.025748
7.473432
0.841407
2.956664
2.519895
4.654272
9.824947
9.519122
5.041680
2.299891
8.540489
3.686448
6.895074
9.723516
4.366738
4.566575
1.294766
4.495053
2.252087
9.488774
9.637681
0.242849
2.735437
0.424567
9.484578
1.677062
2.259914
2.518459
6.494902
6.167874
3.101945
1.754742
2.350734
4.116341
4.170093
9.604321
7.395992
8.606763
1.042401
2.732102
3.063399
7.331383
3.089820
4.466005
2.570016
2.596715
2.555491
1.358133
3.571025
1.884762
8.036399
8.626223
2.293599
2.901403
8.372418
9.206791
4.933113
8.712922
9.058291
6.839348
4.480665
0.749313
1.857207
5.671739
4.099093
6.747158
4.846178
9.794161
9.504569
1.105422
2.104812
7.612153
9.849870
0.156049
7.147065
2.810489
2.596512
6.613650
1.238325
8.892289
7.896823
9.828098
6.421871
5.470781
4.352801
7.543126
0.984894
4.770029
7.979053
9.218928
3.164103
1.585620
7.975124
3.794617
7.430384
5.878753
5.524943
8.643475
8.287133
6.699740
9.406863
7.522241
8.623612
4.677012
4.302776
5.842388
5.835861
6.781186
7.829806
0.782017
5.377705
6.291861
9.922137
1.688371
3.389781
3.519774
4.394611
7.996949
9.752718
9.765817
2.952823
7.783111
7.955434
4.643829
0.565386
4.716477
0.182289
8.707464
7.907426
0.390798
9.445248
1.208080
5.569442
5.673092
3.251861
3.166222
8.286183
2.588468
0.952809
6.323615
1.045290
0.495515
4.491904
1.955267
1.665279
4.630478
4.516406
8.146468
9.961032
0.305338
3.900566
3.931039
0.072784
8.456889
1.230763
1.549095
6.298423
6.741544
1.877867
8.144845
3.585528
3.774666
2.405227
5.796771
3.263119
1.499478
1.297327
0.589252
3.836654
5.111478
6.005599
6.257068
4.269426
7.524865
6.902044
2.618911
3.665754
9.130856
8.905333
7.314317
3.857580
1.265462
3.096766
7.541207
2.135315
2.571884
7.229657
8.450599
5.547003
6.342224
1.563916
8.796382
3.056746
9.383630
6.399462
3.380540
0.657309
1.313085
2.805066
9.359384
5.792219
5.684565
7.411312
1.933712
3.116017
0.774257
7.483677
7.917844
0.272551
3.282628
5.917072
5.303136
6.813088
6.888334
1.721829
2.217412
3.605612
4.514164
0.898627
5.111188
8.004228
7.229354
2.014179
2.707047
8.954062
0.321469
5.048829
1.984825
7.144613
3.936739
7.072954
8.370209
8.972392
4.604239
5.342508
1.617073
0.808778
0.530434
0.859991
0.645825
5.078403
5.355502
1.895106
7.370698
5.864761
2.256433
5.250792
1.154434
1.434085
8.671707
6.312040
6.752905
2.250467
8.441896
0.400656
3.104780
4.625193
5.718392
3.044884
5.682990
1.603052
8.759710
7.240983
5.916804
3.200958
2.546775
5.184364
4.389767
7.571220
9.337896
7.243248
1.358343
3.348550
1.150097
0.603245
7.213904
9.003622
2.413008
5.072851
8.172140
6.507874
5.231568
3.313146
4.785836
7.224328
4.436467
9.191629
0.312245
9.277235
1.294230
9.947994
8.225557
3.116815
6.201516
1.274511
0.184211
1.244654
9.961281
4.423661
5.716106
5.872793
7.696579
3.588845
6.426510
7.414429
9.144794
3.935900
2.418942
0.375202
3.741251
2.494846
7.975518
1.034797
9.428571
7.813263
2.586944
3.973804
2.062926
6.239294
1.258061
2.051142
7.889705
7.323315
6.726520
7.314847
8.464863
3.952239
7.288079
1.987034
0.530633
7.305441
8.444266
7.644429
7.186096
6.768650
3.745297
3.894342
1.797955
5.536011
0.032913
9.453330
0.403861
5.512668
2.246985
6.243900
5.703966
4.551796
8.640616
8.471916
5.390577
5.980909
0.991501
5.495544
5.421159
8.754694
3.315265
2.469045
3.474031
6.980282
5.865827
0.185014
0.952040
1.546781
4.481514
8.918780
9.126599
2.854335
8.090573
5.782292
7.867052
9.771336
4.224328
3.820884
2.154831
6.360222
0.941918
9.380583
9.405511
0.531793
9.143319
5.092126
4.030280
2.904197
7.069022
5.418697
9.533294
6.343014
5.642217
8.456307
1.359497
0.336896
7.991135
5.242311
2.593928
7.134154
1.963133
8.873765
9.534460
4.212488
1.136747
6.241329
5.954477
4.925803
5.535417
7.645505
6.896031
7.495543
5.373262
4.891720
3.854282
3.979818
3.317825
3.410738
7.926594
9.864778
5.988606
9.925691
7.596311
2.650803
3.234078
6.068550
4.356885
9.059636
2.580492
6.956796
2.808194
7.359603
2.343087
1.819539
9.080792
7.707676
0.694032
2.600708
7.304001
2.028337
1.498116
8.732788
3.587269
4.518514
1.570229
9.790170
4.601694
1.341891
5.448437
8.641128
9.680677
0.672291
3.113176
9.752442
6.898369
0.912199
4.356671
5.863197
9.176844
4.387948
4.210802
9.876585
7.148496
6.518181
2.029246
0.668768
5.243038
9.965529
6.817299
6.975525
0.398916
0.085772
7.771646
6.381437
3.609402
8.875747
3.469538
3.999709
2.312402
5.612046
6.274477
5.549342
1.091589
4.865718
7.229716
6.629601
5.449340
9.265365
1.994826
3.466363
7.494685
8.293733
3.674009
3.633812
4.030457
1.467224
6.109235
6.806336
8.413499
5.820142
6.371909
4.311037
4.457732
0.531966
7.042252
5.822749
4.263733
1.829700
7.635576
0.840539
8.929786
6.529887
0.036328
7.119217
3.841714
6.786625
5.265914
2.414346
2.786375
5.194897
5.953996
8.122461
5.879642
7.506828
5.522239
1.945392
7.151655
0.608750
0.771485
3.419868
6.294752
0.625312
7.773609
7.288314
4.128914
8.981561
1.496195
1.209718
4.192443
3.506271
6.580650
0.273690
5.574301
6.461300
1.099939
4.576944
2.612709
2.198470
6.435354
9.428303
7.690056
6.185103
8.437351
3.459757
0.255634
3.790227
3.801790
2.196933
8.246317
3.944645
1.070866
0.799161
1.593340
0.177586
1.512418
0.146057
8.230331
4.210548
3.557225
6.215604
7.443332
9.768230
9.007590
3.402789
2.921485
1.600531
8.132970
2.918681
1.799040
1.557393
8.375644
1.853529
4.547599
6.809899
8.277952
9.074921
7.784677
9.797299
2.652677
1.695295
4.393541
7.969265
0.667631
5.850284
2.556235
9.127015
5.961189
3.841643
9.190149
1.301791
9.734106
3.077438
0.931564
7.707699
1.460385
8.384125
1.063495
8.358050
9.681872
0.697353
4.161770
3.231278
0.368045
3.403349
0.687616
4.329403
6.420746
7.943664
8.816543
1.482060
9.011621
4.287511
9.452770
6.923426
5.638675
2.442492
3.158330
4.501478
3.997170
1.269925
8.815163
8.761575
5.779297
9.099858
6.671621
3.618302
0.692655
1.032466
6.599105
2.011324
7.518118
8.496866
1.851632
2.330568
9.479054
4.222678
4.261278
5.520753
6.542843
9.356737
5.459903
6.101935
4.214933
3.660496
5.155770
2.923579
4.725231
1.250907
4.072363
5.897287
0.818859
9.685982
4.663722
9.337496
5.034631
8.336684
3.268430
2.606012
7.796771
0.746645
5.571202
7.590981
3.589747
3.607333
5.804591
9.962509
9.100172
2.563911
1.497415
8.588617
9.360066
5.868851
1.307899
0.054980
8.078994
7.203807
1.343811
5.006463
4.017496
6.249851
7.381484
8.673426
2.903204
3.808771
5.523936
2.765073
1.126500
4.744691
3.801246
4.195850
8.728583
8.038718
6.073458
3.484089
3.404907
8.649242
9.131443
0.576472
6.455812
0.586817
6.611110
8.689183
7.364949
0.586512
1.756011
0.095207
4.029582
3.595976
0.736503
9.135533
7.341201
9.775980
2.930178
7.837076
0.385185
8.041094
8.618831
1.220338
3.777838
6.357068
4.557896
5.378083
5.120780
9.073678
3.469565
2.425025
8.103467
5.992542
8.045823
2.814110
8.978622
8.946610
1.876813
3.386086
8.646045
2.800663
4.386923
5.879153
6.293322
2.909467
3.490022
8.758415
1.161467
4.999176
9.704705
5.748475
7.815875
5.554249
3.959243
8.729762
5.870367
4.054908
6.247724
0.011048
6.688800
9.340071
0.222737
8.909902
9.773714
0.836068
8.570800
3.553093
4.264488
1.991261
8.306334
3.092714
3.995175
3.827808
7.907696
8.636333
3.704221
6.485168
6.978519
5.812152
0.911336
6.088683
0.039211
2.892080
4.214896
5.646036
3.029234
0.957517
9.786911
6.185707
9.359414
8.558874
5.480564
2.868094
7.883999
5.510549
7.244566
5.912038
2.575944
5.146089
5.631654
3.897711
9.182452
6.769235
7.084486
3.439593
8.534423
8.136465
8.551003
0.545998
0.554917
6.664176
1.418986
5.768306
8.864247
6.950298
5.036437
8.054203
7.745012
7.480349
3.613613
5.689822
9.540144
7.330638
2.069957
1.178912
2.101084
9.942376
1.401611
6.300904
8.180772
0.296472
7.611243
3.139465
4.647480
5.358448
0.158730
6.010165
4.903330
3.041680
6.940035
8.332447
0.968062
1.222804
8.634294
3.558050
5.821731
1.966938
1.220262
7.495830
9.854449
8.986211
9.167385
1.613283
7.897728
2.467474
3.872070
6.485124
1.882826
7.106580
3.701286
4.436319
5.168883
8.324149
4.027342
9.490516
5.885701
4.461170
9.740448
7.063964
1.358340
7.729455
9.129497
9.199435
6.045654
4.203549
4.694189
4.919134
1.741486
6.629249
8.657682
5.982870
7.797561
7.872703
3.301857
1.115659
2.201331
7.478217
0.011005
2.869493
4.574559
6.785175
0.262965
4.384751
9.349861
7.991929
1.673511
1.597721
0.062737
9.361491
6.415747
8.664652
7.201202
2.863773
2.755725
2.693598
9.836452
5.720656
2.769346
0.803329
7.452442
5.248787
1.124027
5.327860
5.239863
1.650305
7.215783
2.000122
3.859875
4.499086
0.368985
4.382492
0.345319
0.447859
6.681731
7.918554
6.911469
4.860231
8.409031
7.470217
7.159350
9.801552
2.344473
6.509741
0.371835
5.139615
8.662841
8.745517
8.326468
9.359415
1.643559
3.695685
6.471801
1.713532
2.037914
9.505640
2.962289
5.780159
5.857268
4.361380
3.923806
4.615780
4.029557
9.643619
2.250637
7.208994
9.985683
4.397660
3.502115
3.419078
2.524945
7.983977
6.965832
2.069681
0.615338
0.719726
5.458508
6.012843
9.382380
2.890515
5.844610
0.517849
2.062544
2.879192
0.697335
7.101335
1.247923
2.691835
8.270659
2.154559
9.762387
7.151335
0.121470
4.449425
1.712587
6.860325
6.528232
2.984057
6.453714
0.574254
1.169093
5.317286
1.874656
8.788942
1.120192
3.588740
8.161536
5.552879
3.581985
7.028020
8.839487
8.775779
1.538994
3.024758
5.598458
4.831532
0.925262
4.028586
4.625376
7.349625
9.363534
7.213510
1.628674
2.573984
1.212745
5.785288
2.003218
0.269320
8.620439
6.485756
8.386067
3.823162
7.641264
5.786555
3.657427
3.672362
0.374553
4.104814
0.665357
7.708344
9.454911
5.663605
8.513722
1.006705
6.478262
7.141862
9.024202
1.359836
4.510350
0.667996
3.047801
5.080099
5.001177
7.473640
2.347727
0.653624
6.066231
4.947631
1.627104
3.997886
5.737937
2.804346
8.267265
7.763360
8.782660
1.062749
4.567334
9.211184
9.886131
2.889738
3.177911
2.621543
3.109455
0.831234
5.527507
8.771057
4.702947
9.128696
9.014676
8.529648
4.853728
0.863752
0.287586
4.426940
2.189416
9.623234
1.975222
8.694123
2.092910
2.692614
4.285927
4.129903
0.418305
8.414375
7.933940
4.180068
7.054885
5.482456
6.382909
1.439776
5.814856
9.331763
6.722922
8.714009
0.177645
2.016606
3.606470
6.574452
8.555113
7.528845
9.623828
7.644947
2.585737
1.008595
8.874437
8.203548
1.803635
2.255520
0.915902
6.152283
8.463041
7.662585
1.006049
5.587195
9.792334
0.206736
0.085703
2.741845
8.622543
3.799316
6.053152
4.021591
3.446711
1.089748
5.926838
3.001183
2.889297
4.686623
2.449416
8.171633
6.186546
6.756668
5.063992
3.954283
3.441834
8.440307
0.626001
0.097354
5.276717
2.778005
9.627908
3.849936
0.722979
8.398499
0.269637
5.177532
5.664251
3.955943
1.807213
8.701242
7.830302
2.553078
5.337016
1.965979
6.863189
1.942599
2.556149
2.176173
8.918588
6.805149
4.862018
5.939598
9.241265
9.530739
8.175441
8.923023
7.121681
7.162202
8.081472
4.823310
4.265433
4.363774
7.818756
9.635322
7.470384
1.935816
7.879095
3.716175
1.999721
4.668897
7.803944
6.240717
9.452841
5.724309
7.814931
1.492379
9.851058
8.399236
4.504681
9.071030
0.059715
4.241358
8.099149
2.878569
6.876832
3.992994
3.069799
0.812434
4.789539
6.249657
8.594017
9.188301
5.154081
8.160297
3.354248
9.007323
6.095141
1.991513
0.940288
6.505858
7.361806
5.964463
3.150627
4.597775
1.323924
2.097542
8.855892
4.823943
3.383629
8.422024
7.636176
9.482069
4.881132
2.384679
3.825907
1.171012
7.124444
2.768264
0.960318
8.007996
0.761299
8.117685
2.492213
5.152348
0.329270
4.943176
0.257540
7.147719
1.765506
8.773255
1.001503
3.728353
2.997748
4.919766
0.610552
6.568970
2.193998
9.239774
5.065444
9.709759
0.271276
2.311032
3.558851
0.597452
8.394601
3.756169
3.066989
0.460958
0.942236
2.662481
8.363906
7.485276
7.607692
3.353438
8.112681
8.154353
1.812614
7.280064
0.632337
8.823919
7.982878
7.133719
1.085414
5.243269
0.342253
5.516413
5.249722
9.637965
1.270655
8.724840
7.840748
6.338388
6.197493
0.777093
9.977562
0.918719
7.966369
7.098899
4.046876
1.165365
3.872535
3.127459
2.459337
1.784376
3.697835
5.735611
0.477208
3.863434
3.973235
5.458041
3.285703
7.274656
5.246926
1.438689
2.160739
7.505951
1.132051
8.545369
0.649898
6.502047
5.604351
6.018497
1.097790
7.291774
7.221151
9.876692
8.661613
6.073152
1.765244
9.638964
3.780246
0.600116
8.194692
1.043986
3.920184
2.484875
2.233104
5.015834
4.136956
0.295124
4.194098
0.313689
0.832180
0.646325
4.517730
1.741902
2.487956
0.183402
0.611362
7.473234
7.168393
4.515718
6.524695
1.434170
8.953820
9.949186
9.218351
7.635525
6.804919
6.950956
5.366518
7.423769
7.477253
7.682490
1.091779
3.156399
4.293114
3.691409
7.196155
0.022746
8.857739
0.258273
2.758910
8.050811
1.928529
4.400422
4.658174
4.444428
5.710081
1.300329
1.851512
0.104128
1.592131
1.563750
7.642410
2.334068
7.165858
0.592126
3.039246
9.097058
6.378908
2.380860
4.082228
5.475759
2.804537
0.921416
3.982986
4.956583
1.226843
4.067356
3.522063
8.463198
4.991103
6.636373
4.050985
7.667594
3.507534
6.984162
6.600282
3.812266
1.183274
2.920270
0.398123
5.860214
7.999704
7.513206
6.210177
4.037610
5.891163
6.872240
9.196905
9.624190
6.645725
5.689868
0.500915
5.332672
9.571633
3.141693
0.970629
7.408477
4.639536
9.282104
6.512764
9.444798
8.984374
5.110749
0.334129
7.661380
7.135278
1.128001
4.994799
8.944381
7.773156
1.221812
2.676332
9.102466
9.130073
0.800189
0.332202
7.377236
5.823640
6.728460
0.845284
7.389203
5.467521
8.548371
2.804020
6.623664
5.484532
4.432577
8.243105
7.071404
4.244307
1.761339
3.919367
1.402784
5.778896
9.794774
3.311574
7.078247
4.813431
5.851259
8.881153
0.879256
7.482017
3.805718
4.544624
8.782002
6.358149
8.961851
0.063213
3.354315
9.848064
4.969420
3.267707
4.996087
8.274040
7.242974
4.463423
7.170429
2.273646
3.260381
9.367481
4.462455
3.524683
8.065890
5.123959
4.567678
8.609323
1.329965
8.394321
8.227625
0.515056
6.494768
9.169330
4.591617
4.423345
8.815713
1.874986
1.387662
2.148964
3.046712
8.807683
2.826429
6.094490
2.662850
0.030804
5.143391
9.345114
7.056898
9.622838
2.567529
4.822477
7.496799
1.728154
7.802035
8.368776
6.153892
9.382363
7.413649
7.338694
4.982022
5.078148
0.383186
6.437706
0.041165
0.733896
6.433443
5.438975
2.331879
8.019111
7.364764
1.577010
9.539554
7.926092
0.986133
8.467204
0.394802
4.973018
5.587244
0.810575
6.764160
9.922964
3.641980
5.086262
7.821591
2.780547
0.013756
4.294497
6.258425
2.639634
4.548760
3.731252
4.541893
9.504973
8.051062
9.101857
7.617297
0.823624
4.130618
1.358337
7.658388
3.442845
9.510453
7.291274
1.659198
7.641583
1.650591
1.614746
0.030049
9.214619
7.146423
9.304162
5.726543
6.460854
0.430804
1.732427
7.317839
7.807635
0.584226
0.421670
1.973391
8.622386
6.167664
3.603954
0.916498
8.242537
4.411396
6.438265
9.489112
0.976525
5.181873
8.533044
9.795593
8.645274
5.823877
8.049947
4.097062
5.490473
2.738188
5.258158
5.544809
5.820378
9.514134
3.481362
1.832356
6.032755
9.966565
2.306800
9.670104
7.074340
3.895588
5.500321
2.197656
3.289217
9.011110
4.563676
1.258582
8.426692
2.232001
2.610057
3.352235
4.323045
7.460077
3.058998
2.389809
9.844268
2.021167
4.350154
1.190195
9.792052
2.249345
8.622695
1.557591
5.670019
1.703497
6.676804
7.140805
5.124099
6.294891
1.776268
9.309963
8.151125
9.169061
4.073561
0.991090
2.998188
7.860501
7.720130
8.629563
8.393325
8.782421
8.472604
7.731182
2.879352
3.656554
9.884027
3.034640
2.144148
4.813900
8.050363
3.029147
1.545473
0.094789
7.326249
7.127244
2.900851
3.694071
1.495588
2.090242
0.171002
8.997611
2.432561
8.911335
7.173759
4.040694
4.008289
2.900910
9.517526
9.262546
1.144681
6.234000
6.156880
1.762935
5.224685
7.216606
0.805181
0.384220
7.965124
8.379492
7.527971
2.739936
4.498955
2.873783
6.183442
1.653876
7.988583
3.040678
4.453300
1.651879
6.553387
6.409686
4.023293
1.889742
6.382092
3.577073
8.875847
0.025010
7.160049
9.797861
0.622081
5.328358
2.083405
4.934705
3.746008
6.274536
5.321073
0.380313
8.187678
7.497119
6.100243
3.456319
6.325366
9.081996
5.481612
3.332460
5.146673
0.643137
1.799715
2.254864
7.963875
5.119798
6.910443
8.840285
6.141718
7.033063
1.169582
8.395641
7.379116
6.678942
0.460300
5.584397
4.968810
2.934659
3.572030
2.272179
4.113316
9.247250
5.799165
4.414726
6.667499
3.402569
0.757590
9.989742
8.176093
6.963897
4.567921
8.004163
1.867642
9.784180
9.864500
0.592729
5.619961
6.067186
1.990636
4.157017
7.587439
4.824027
1.676898
7.610044
5.897617
5.354230
0.626244
6.589515
5.647123
5.220550
1.386758
4.369682
1.364149
0.853557
4.402635
1.319980
5.066063
6.431097
2.731052
2.904932
0.071680
0.501681
1.607863
4.929996
0.141921
4.961481
4.229870
8.297278
2.131047
4.950522
8.579980
3.272011
0.186246
6.597302
2.167894
1.521830
8.513480
6.364742
1.486602
1.007188
4.944334
5.907661
0.701199
5.572784
0.391929
5.656581
6.441313
6.736540
7.218014
1.206299
4.448363
2.423835
1.807459
9.993045
4.060377
9.476093
7.160933
5.015498
2.685600
1.738321
6.851047
9.835827
2.866940
5.467986
8.673469
1.250173
5.409822
5.300867
7.747509
1.079354
3.516383
5.010862
1.083532
0.230786
9.551840
2.922331
5.555006
1.787841
5.404502
1.566143
7.026601
8.108360
2.300634
1.039084
1.229078
0.601709
6.561416
7.866812
8.048249
4.077582
5.369176
5.582925
4.970991
4.595816
3.366014
6.647840
5.144954
2.551726
5.274044
1.057348
5.788717
3.484719
2.035862
3.362913
2.432444
9.855600
8.609542
7.383834
9.331317
8.404218
0.155239
6.616911
9.251784
5.794203
8.853833
1.170126
4.217212
8.855369
7.544456
2.404911
9.683829
5.481388
6.253344
8.212939
9.113562
1.137730
7.541467
0.165125
8.220546
3.620670
3.219796
1.741460
9.996056
2.771779
0.484390
3.644650
0.667381
4.361405
5.720074
5.025098
3.108525
9.950501
0.433917
9.527049
9.211539
5.789879
8.113672
0.103431
2.178809
4.053220
2.897182
5.547379
8.794624
9.262495
7.907377
2.774366
9.679303
5.853875
2.557702
6.190500
3.710088
7.827603
7.945178
7.518417
9.390617
3.428614
4.245567
3.068433
1.791704
8.824551
6.419568
9.340524
3.451493
7.963963
1.249776
9.748592
4.267585
7.427048
0.855916
1.487206
2.468038
1.342951
8.181741
6.051533
5.351546
2.975243
2.678188
8.983527
2.838428
4.940488
2.387439
2.038114
8.084715
1.908100
0.074567
7.868900
9.636316
9.418938
5.484649
5.975348
9.170342
1.821020
2.582282
3.464016
1.627361
5.751861
8.671527
2.571416
4.603422
6.063851
0.595037
5.482006
4.311936
0.559070
5.385593
8.338622
0.234640
1.019750
1.409611
0.234288
2.385535
8.136150
9.891250
5.706945
0.917421
2.481595
1.054362
1.939074
1.265281
2.904279
5.695522
7.492267
4.136609
0.106947
0.753842
9.977247
2.833792
3.551519
3.811379
5.239143
2.532261
4.869797
0.422387
3.720571
3.643494
8.927390
4.836272
5.953252
7.149264
5.714736
0.421584
9.912110
7.562472
5.938904
3.027480
6.355439
4.831339
5.887170
6.553624
7.075870
9.186882
7.053414
2.320640
9.005530
8.983778
6.260285
4.760525
5.190106
8.209901
4.959420
1.182514
1.479321
3.941843
2.941514
6.849268
6.603887
5.747901
6.536714
3.926938
7.278885
0.301515
8.661964
8.107819
1.108801
3.272874
1.592137
4.347047
3.460475
2.183509
2.776491
8.336408
5.943840
7.528859
8.062196
0.542510
0.721429
9.168780
7.050268
3.083329
6.397598
0.621611
9.992994
8.309752
4.183300
4.080413
9.460245
5.583422
6.230177
5.932105
4.358893
1.861027
8.746224
9.000346
3.082527
1.896533
0.873644
9.257156
8.062156
1.913621
2.109841
4.793967
2.194419
3.549268
4.218747
3.655980
1.143634
6.119735
0.141034
1.319554
9.896975
0.000616
2.562832
6.963111
8.397655
3.286241
3.169495
2.157416
2.439149
4.172129
6.608216
3.306662
0.413863
5.825196
2.623740
1.786364
8.957415
9.252989
4.625949
6.329916
2.925995
2.197406
1.545036
4.659204
8.663351
9.551497
5.747224
9.722641
6.400295
8.705789
2.724741
2.833004
6.729837
0.238878
1.291601
7.668647
7.717565
1.419148
2.302094
1.412213
4.431806
8.812626
1.045982
6.793367
9.887042
7.085980
0.332160
8.163841
8.307752
9.285560
5.294036
7.864134
3.932600
8.229180
9.600630
1.939514
5.009644
6.764606
4.091061
0.147967
3.175995
2.003748
1.209167
5.304733
1.268306
8.116251
4.748013
5.486101
8.712468
3.716736
3.943398
3.088225
7.540162
3.863835
3.987106
8.821447
7.207815
4.789019
6.626810
0.957575
7.644774
9.290877
5.371145
2.990498
7.605792
0.766126
8.137384
8.894884
4.322810
4.359810
7.400932
3.002872
1.714275
6.341896
3.230071
3.770186
8.552768
0.579645
9.711699
1.283816
7.440554
3.221021
7.017535
2.528195
4.318655
8.735045
4.230223
3.510438
7.184391
6.302143
5.544200
5.007708
5.511851
1.546569
3.489301
0.117022
1.475250
4.556663
4.191995
2.313395
2.860623
0.693918
0.505108
2.591388
9.513722
3.639390
8.398861
8.268764
2.991058
5.867361
8.526285
4.862067
1.170970
0.461909
0.677051
9.635416
2.323168
4.276996
5.172286
2.783952
7.076558
1.303678
1.012483
0.629682
7.788577
3.907320
1.864017
5.190258
0.159064
9.670453
3.955108
6.738111
9.952437
8.984558
2.739890
1.868429
9.839676
6.000553
0.083705
7.372868
7.907652
0.470913
4.278030
5.061978
5.276356
1.181448
9.921675
3.158926
3.598367
5.570316
7.473867
7.599697
0.328244
4.771475
6.015596
0.877650
6.928828
2.081741
3.487950
1.809042
8.284330
4.074433
6.135368
2.335064
2.259737
4.489390
7.181679
0.856602
1.731644
3.541273
2.278903
2.592473
5.821656
9.876519
3.434753
1.124656
5.541845
0.151040
0.203547
9.234496
6.142173
5.207941
8.953887
9.540582
7.155296
7.169812
6.412880
2.659210
8.741290
6.217683
4.475084
3.114633
2.469957
3.569025
4.557026
7.827935
4.572872
3.413496
8.050694
9.088816
1.851452
5.891030
3.765668
8.232915
0.607761
5.858146
6.385869
1.384399
1.980601
5.985459
7.807425
5.723597
9.899901
3.883424
6.509679
0.734156
0.444164
3.862454
7.856224
1.184565
4.992381
7.228295
8.941276
8.401055
5.018080
5.733512
7.003033
8.395372
1.192371
2.361844
2.063428
1.776615
3.446023
5.414236
3.191602
1.999777
3.372820
9.487097
3.516833
5.411678
7.834798
3.818708
8.405863
9.368689
2.315817
4.909422
7.339262
3.723985
1.957359
9.746240
5.173140
7.243975
5.015610
2.270190
9.333553
3.294894
3.849322
1.429378
7.813671
5.319916
6.755435
1.291961
0.989974
5.251052
9.841652
8.780370
0.629554
0.652547
5.556955
6.713026
3.170745
9.185099
5.875286
3.597455
1.508953
2.449000
9.895113
4.830881
9.597420
8.878288
3.927018
3.440426
4.521437
3.798502
9.491763
7.268553
2.719843
7.772438
8.068463
9.065238
0.165356
5.340983
6.536334
8.551151
7.451502
9.888832
0.203858
7.456737
1.559118
9.335774
8.932604
2.466515
8.526487
3.275777
7.052699
6.063043
0.568336
8.701427
4.572521
8.740400
3.436964
6.475976
3.934233
8.215592
5.378225
7.164081
7.768162
4.568316
6.227133
0.117449
7.653549
4.732304
7.515401
9.058300
9.820416
0.638963
7.438840
6.262826
1.186587
2.332458
3.819746
2.972978
5.027694
3.933253
0.593124
5.534251
6.143987
7.527844
7.909730
3.958147
0.137150
1.132951
7.521204
4.385642
2.804499
8.719331
1.088593
4.019214
8.139773
7.871437
2.138435
8.993046
2.870326
5.357338
5.390482
9.427705
3.573527
7.785449
1.658734
9.413090
0.781083
5.787949
2.673187
8.567144
9.208089
8.130287
7.417027
0.781461
1.144342
7.096065
0.160859
5.017129
7.121388
2.924123
4.666660
1.181543
0.281884
0.604868
9.026441
9.596782
3.531799
8.603929
0.960563
6.599917
2.483468
7.195745
7.435538
0.784260
5.187382
0.299366
2.278282
7.718877
8.450249
7.416226
8.286066
8.671173
9.401445
8.834067
2.036202
7.754563
9.189215
8.844803
3.393063
4.096407
6.916918
5.781859
6.595332
9.140024
5.150699
9.259203
2.827550
3.753278
7.425079
7.986145
6.404966
6.406645
9.894499
0.761548
0.052934
0.880995
6.999504
6.687696
1.145900
7.248913
4.725588
9.711353
4.324657
9.828297
9.643685
3.189068
6.340900
1.593815
5.750831
9.249061
0.461100
8.388304
6.664424
8.230375
5.190196
5.663191
3.366756
6.357854
0.942619
1.696031
2.911017
0.281180
7.904885
5.824129
3.183138
5.253390
9.881004
1.854270
4.401821
4.914109
4.751545
7.158649
8.626190
9.613089
7.066529
2.726092
6.848808
2.773890
2.527712
9.729821
4.837088
8.814304
3.220390
6.803744
4.963784
0.440502
6.236398
1.905419
9.631708
2.302245
2.199246
3.941485
5.504597
2.371620
1.996075
1.266233
1.848840
0.002347
5.604499
1.106936
1.822955
8.453567
2.448658
8.974849
5.563824
2.856301
2.769484
1.451946
5.897382
7.781897
2.215647
6.977166
2.824109
4.749338
7.797729
2.010976
1.727469
0.648676
1.878375
1.374319
2.237577
9.399517
2.208389
0.991089
8.724492
5.260611
6.526877
7.287172
9.465636
8.239346
8.260459
5.646419
3.109453
1.394752
6.910144
9.959983
8.686179
7.281132
4.853494
0.949320
5.571443
4.398015
5.792259
6.432222
3.023791
1.121947
1.339573
7.884803
4.446461
3.606295
3.733217
5.711532
0.821438
6.549833
2.738322
1.610637
9.929734
7.576227
2.367401
7.061115
4.346123
1.256782
1.556307
4.149106
6.087411
9.475822
7.444210
2.479629
1.891122
0.330046
2.680164
7.402892
8.874290
6.018449
2.381389
8.994591
7.263402
4.341451
6.013402
0.096093
7.586997
2.849311
9.829521
4.870683
8.726580
9.148194
3.056838
9.671259
6.544750
6.650661
3.360577
4.693139
4.273757
8.498599
8.209018
3.265318
0.954554
0.487785
2.186998
9.093945
7.485876
5.715302
1.392953
6.961208
8.178474
9.023770
5.628170
4.353838
3.549819
9.237431
5.402585
7.336717
7.352376
3.026141
9.199928
2.091633
0.836757
7.964479
7.181718
4.405513
8.419784
1.409217
9.234454
5.356535
1.158632
6.422644
5.553142
2.177376
5.323070
8.448104
3.589912
5.670139
2.864438
6.911428
9.935556
1.918591
0.632750
2.483258
2.916632
3.710714
3.019125
4.907494
4.598089
9.694928
0.302215
7.208158
5.958458
6.411410
9.396459
9.299854
3.505772
3.625877
1.502966
7.754962
1.778511
5.497274
0.241883
7.613845
8.721392
9.053996
8.494891
7.340643
4.254913
9.883699
3.953742
9.213494
5.644618
9.415947
0.698095
1.638777
8.193390
9.361140
5.733486
3.770009
7.956695
1.110741
5.827487
1.151749
1.017313
2.604677
2.367064
6.808417
8.959122
3.243364
7.434485
3.947143
4.662387
8.767473
2.673483
1.232461
7.689815
9.602616
8.050277
5.252841
7.035995
8.885252
0.631491
9.847490
8.647245
2.835286
5.900221
7.061347
2.404915
4.454099
2.637917
5.871762
8.895251
3.557006
5.843002
4.300857
6.327586
1.183634
7.656295
5.744809
2.980852
3.964405
9.826583
3.557552
3.496370
4.658860
5.288127
8.410538
4.035091
6.306590
0.244220
8.982538
3.592863
9.423864
0.222135
4.190375
5.084288
7.834245
9.909215
6.776500
5.909534
5.743754
1.786498
0.834700
6.880419
3.158545
6.349797
2.630471
9.406923
9.292502
9.157575
2.752639
7.997832
8.987787
8.503489
9.092658
1.568854
0.575545
8.893341
1.711308
1.358784
7.184320
9.031871
4.399349
3.844538
4.170569
8.578285
1.873158
8.370068
7.514947
1.596077
6.637414
8.856756
0.310585
8.287152
1.848000
8.313676
1.544220
5.804548
3.913167
6.846567
8.408456
5.802209
7.574781
6.368896
7.314050
6.210774
8.160969
3.755707
9.793332
3.235521
5.218685
6.766317
1.079456
2.415556
4.630333
2.031457
4.572428
1.003660
6.106853
0.069163
1.144159
5.337980
4.245570
4.931124
8.760079
8.515977
8.179349
5.165394
6.647795
3.301328
5.188346
7.787836
4.576378
1.963115
0.307772
4.852917
5.356657
0.387394
2.738062
0.987140
6.233699
5.209690
1.037827
1.408148
4.962454
1.660036
0.319430
8.089468
9.640732
4.641859
9.804311
0.803589
3.604912
0.752853
9.220140
8.482352
1.058016
3.413107
1.850396
4.710474
9.635283
5.166742
9.322918
2.812358
5.698157
9.010233
5.704126
9.227113
6.465530
3.382205
9.696695
3.043918
1.696406
8.289885
0.061402
3.102708
1.261234
1.851517
6.185404
4.574307
2.954218
4.730023
5.615542
7.066655
5.313077
0.352077
9.888731
2.147629
9.302823
3.719692
8.553635
1.190790
8.615613
2.986781
3.912502
0.696388
6.792389
3.934809
3.133620
9.907492
7.588720
2.810610
0.573772
3.652254
7.777314
8.644594
7.006338
9.151959
0.412905
6.927149
1.334843
2.153520
6.568484
1.579808
8.977619
8.394488
9.953011
6.647412
0.421696
1.674028
5.618405
7.768196
5.206268
9.936792
4.269906
5.466179
7.515875
3.891187
7.629983
4.689573
8.541642
8.970388
1.171853
9.880663
5.052370
4.593267
0.722706
3.415023
5.846268
8.433710
0.394038
4.590284
3.504666
5.060515
8.071448
3.531210
6.809419
7.264827
5.012608
9.313481
9.134745
5.803016
2.224282
1.183462
2.493469
1.713041
8.894438
5.937932
4.797783
1.510384
7.040074
9.121916
0.103895
5.206877
6.917141
7.492764
2.185983
7.147652
1.179567
9.615186
9.190717
0.979409
5.551914
9.705633
7.361742
3.455672
7.896575
4.795023
0.073358
1.070121
2.317096
1.495807
3.095262
9.274406
9.072424
8.934153
7.215212
2.114088
2.451316
2.175594
5.549292
7.691073
4.759024
1.949178
9.953992
5.800495
7.166383
3.965164
9.978464
8.383184
3.165033
2.699401
8.619503
9.031646
6.994610
8.549868
9.677840
6.128672
5.407433
6.667462
9.034332
2.904432
1.840018
8.126494
5.696123
0.387336
7.027492
9.289332
8.250904
0.526376
6.407687
5.468870
1.229451
7.118212
0.003453
8.224262
0.967775
4.492905
2.945401
1.658252
3.107301
1.270289
5.520369
3.836843
4.779501
9.654236
7.469417
1.100496
1.994783
7.984388
0.570954
3.873420
0.371931
7.001750
7.032352
2.111067
8.999593
0.703131
6.858144
1.701857
3.309088
3.931287
7.452219
8.588754
5.235500
5.887859
9.725962
0.798275
5.785466
1.146177
9.875123
2.373763
0.582318
0.324190
3.799036
0.351174
6.563586
6.705201
9.385881
0.822636
6.346895
9.266287
9.639609
8.739441
3.410566
4.839543
3.632115
8.780849
3.205048
1.849457
3.086709
8.101107
6.366209
1.896702
5.076669
1.301973
3.848829
0.621029
9.913024
4.425892
5.468212
1.949291
0.022374
4.334080
8.915312
2.088053
6.128625
6.430662
4.780311
4.162430
1.624392
5.397677
4.293321
7.560111
5.362912
3.561118
4.161122
6.106668
4.887136
1.871955
4.242391
1.138610
6.866676
2.481472
5.471733
1.683365
5.277905
3.692424
2.833339
7.273121
3.921514
2.664223
9.720113
9.302591
9.467854
8.797599
7.658696
9.234033
3.955656
3.570308
3.723792
2.244039
4.823325
3.537203
3.856289
4.457750
7.150574
2.413633
6.508142
3.428569
4.959609
6.693130
8.422516
4.744970
0.148844
5.063255
4.463847
4.138558
9.193306
6.315889
7.126234
6.363423
5.416145
1.765512
4.069027
9.890918
1.045127
6.601874
7.571046
7.014961
6.509170
8.481015
1.631574
6.094305
3.421971
8.887800
5.087156
4.209511
0.920744
4.323245
8.786923
3.964230
1.193556
8.286451
0.178236
7.864897
0.393611
7.841139
5.530938
7.815350
6.723790
8.713372
4.958285
5.942114
1.026535
4.810937
3.652579
8.102467
1.442884
8.721914
6.426697
9.570537
2.395226
7.151317
2.870051
5.466989
1.169304
9.211327
3.071092
0.322710
3.345940
8.745548
3.030122
0.614782
5.851504
5.161915
8.749420
2.414050
7.582462
7.668642
0.349967
5.561318
5.233891
2.131924
0.526840
9.691172
8.126907
7.417900
2.652319
8.438942
3.984148
6.029979
4.425268
1.334699
5.193855
3.436995
5.799071
7.815684
4.260150
1.415546
2.831804
7.241313
1.952056
3.486999
3.861193
1.244276
6.161018
1.502645
7.534474
6.670177
6.473825
7.348940
8.115806
6.635075
9.578392
4.736811
6.611470
0.189226
2.769116
0.418388
6.243223
3.631528
6.819995
0.487510
1.029630
4.207900
3.738797
3.364454
9.890308
0.652217
9.251618
3.150964
4.204114
5.711894
7.734286
9.283581
5.584509
5.243314
8.691370
1.858550
3.139824
8.169449
0.540479
9.480198
2.239623
0.707031
0.805667
6.670969
5.763832
9.228612
0.006406
0.667545
6.170898
0.097485
5.956168
1.634906
2.520116
4.471936
5.009006
6.275482
4.877708
4.481537
5.619806
9.916701
9.889144
7.674903
6.564509
1.024133
9.380384
2.017201
0.125596
3.395244
2.531209
2.386440
9.400552
4.465067
4.997853
1.643916
4.051982
4.831746
0.092558
6.018119
4.730999
4.234974
1.730090
6.811178
0.360917
9.688541
7.283872
5.259456
9.030358
5.865613
6.230706
4.830700
1.109239
4.948346
7.325914
1.276222
4.659825
2.111054
3.688314
1.561461
1.870080
6.489845
4.365282
7.895712
0.097001
0.143046
1.972407
2.197178
0.174074
0.040009
0.410276
1.668275
4.481776
3.335643
7.622766
6.234499
4.392401
1.045851
5.767306
1.258794
0.800590
2.562857
1.644046
5.206866
4.413592
6.115013
4.224865
0.841178
3.388094
8.682470
2.034463
9.936605
3.913339
0.986488
5.969340
7.979148
8.428427
9.708951
2.092878
8.439407
5.654288
7.388766
3.814869
3.254995
0.569422
7.766638
1.427641
4.662077
3.933435
0.507474
6.476015
9.834400
1.834679
7.380311
4.114232
2.376815
0.524227
5.633589
1.310936
6.791576
0.576808
8.245205
8.773568
9.739347
2.518480
4.871173
4.406295
8.713131
6.887818
4.954837
2.639683
3.284117
4.751677
3.364044
6.718873
5.742658
0.175538
7.745368
5.393790
4.365683
4.974239
9.492348
0.471615
4.211060
2.064895
3.736405
4.719731
3.304756
6.883083
1.626683
6.124660
5.853102
7.842804
2.474959
0.743432
4.441451
7.551603
8.771881
5.503765
1.641256
8.218477
6.349752
7.490145
2.223206
5.468149
0.314523
5.160622
3.016174
8.581392
6.024321
0.103175
8.370540
8.865633
2.147958
8.586785
7.550644
2.342212
8.587042
2.492893
1.058041
9.961151
6.758091
1.674331
2.062446
5.773705
6.013560
9.286723
8.988609
9.767515
0.805420
2.236042
3.562429
4.689585
3.815025
3.322730
9.241447
8.114720
1.685000
2.947471
6.663566
8.592400
9.330295
1.773050
7.617620
8.959997
3.720762
3.670761
6.407317
0.641704
4.317309
6.247008
8.387730
6.363497
8.904672
0.737003
0.236369
6.630977
4.825040
3.849366
3.927048
2.771216
0.958336
9.012738
7.862570
8.006740
8.031097
2.578553
0.912459
5.835029
7.991339
5.275230
5.084006
2.991527
5.960132
8.937937
4.376729
6.212996
1.764125
7.988068
3.747114
0.260016
5.220025
9.573060
6.706096
3.059423
2.180546
1.091243
5.120896
6.749093
1.226581
9.473462
2.901045
8.223056
2.804180
3.976351
5.032075
0.820480
8.613896
6.833214
1.579873
9.165622
5.992942
6.847987
4.502758
7.438149
5.849811
2.573319
3.777855
3.145641
6.892940
7.955836
2.717079
0.362629
9.433961
1.366290
9.732599
4.321257
3.447556
3.055604
7.417415
9.768785
5.195119
9.282441
6.746395
5.602343
4.392765
4.644534
7.285111
9.280503
5.597022
7.403413
9.646573
1.783799
0.582409
7.830542
6.946944
0.521265
4.817397
1.907786
2.177641
4.412618
8.255286
1.170868
7.058088
4.417220
5.154088
4.625453
8.238128
6.095346
2.335474
5.534392
2.100384
9.320913
8.791968
1.426860
4.284918
0.373989
1.161854
0.329826
8.217824
8.242857
5.552469
1.003171
7.550166
8.103283
2.947045
1.522834
5.705850
4.690981
9.217819
4.912179
2.915233
9.870959
6.775861
8.385581
2.405808
9.733215
6.728989
0.743511
7.738424
9.734418
1.924127
7.923471
4.479248
5.053728
3.706666
5.516221
1.141512
9.507378
7.864423
7.555751
2.631684
2.464453
4.139662
1.669203
3.054933
7.327951
2.412013
5.978136
0.591366
9.964799
4.930708
0.424640
4.502113
3.606815
7.411536
3.818154
9.156465
4.628385
1.179394
6.041536
7.401627
2.606712
8.050469
4.731290
5.824485
6.206926
8.202524
4.999947
1.813662
5.746982
0.777232
4.217421
7.590814
9.011451
8.621603
2.769541
8.127922
0.044827
0.949442
7.295867
1.548436
3.774712
6.926609
6.561209
8.552836
1.655934
6.075966
1.702964
1.063481
3.935820
0.166964
2.251626
7.409580
7.933203
0.442999
6.633639
5.816113
0.602807
2.924549
6.290956
7.319393
7.998176
9.138208
4.097331
2.977345
9.702873
4.042050
7.717632
9.454094
4.654752
6.403841
4.195290
0.261528
6.992122
2.526570
9.313903
0.483361
3.230242
7.241290
5.522946
4.983577
1.225616
8.402581
3.102398
3.405189
6.716337
4.754241
8.801518
9.977401
8.883072
8.474000
2.592642
2.680436
8.243771
9.685713
9.864225
4.952050
0.889813
8.141044
6.338962
4.152356
4.390517
0.241948
7.605703
8.465573
7.169471
7.409320
2.783221
5.876612
1.400169
4.137525
1.348060
8.278002
3.775559
5.210247
6.811169
7.932347
2.933609
1.036583
6.659933
2.203973
7.177167
8.051013
7.530029
2.510003
6.924151
9.222108
4.140322
1.103677
0.113594
9.227487
7.814958
9.541006
7.213109
4.740479
3.401991
4.985121
2.909514
2.426598
9.980453
6.721340
4.981675
1.358009
4.410973
6.845427
2.502910
5.166829
4.215314
6.924466
6.720675
7.125124
7.884079
8.114076
4.242505
7.290598
8.297171
0.525821
8.931908
3.879604
0.175100
7.215509
0.318974
7.547367
7.888617
0.147839
6.737929
2.219156
4.663192
5.710863
5.723498
7.141921
1.214938
5.989474
0.564732
4.978000
8.427514
7.596757
3.290381
4.836619
3.830183
0.304475
4.438440
8.143171
6.890711
2.781087
1.771872
2.335416
4.362988
4.780869
7.035888
1.425592
4.336074
5.003865
8.454101
4.794510
4.829016
0.626794
7.544309
1.196713
9.149050
2.826039
5.825933
8.471749
2.621487
6.722138
8.440695
3.609273
4.744132
9.969233
0.414729
2.755123
1.160712
2.321557
4.316255
0.546008
5.890515
6.131083
7.954520
7.255670
3.908104
7.181085
8.251905
6.498812
1.804128
6.210183
0.864430
1.605694
6.030473
8.673581
7.277486
6.789871
3.879420
5.385798
3.820611
5.131987
8.712078
4.857600
3.630107
1.175590
2.272096
5.906001
2.669682
5.538368
1.887030
9.478917
5.372724
0.885893
5.762002
7.185901
0.517172
1.835031
1.850595
2.386151
1.414156
2.825788
2.145368
2.272945
0.685108
0.116859
7.805442
5.869251
0.104292
7.141742
2.233662
0.974122
5.002406
9.067890
2.441399
6.525337
0.905691
2.068095
5.574731
3.407149
1.396501
1.499010
4.415242
6.276150
3.939176
7.421881
4.645839
8.907310
1.968433
9.890145
0.723218
6.444620
2.335462
3.015500
3.288506
2.881188
1.912552
0.590237
6.730679
3.430411
0.942304
2.701589
7.856039
4.392810
5.247968
0.502613
6.850240
6.182796
5.849863
6.173917
4.394101
7.196056
0.810964
6.694045
9.491235
6.117140
9.611205
6.301499
1.333831
3.501374
9.859774
6.333350
5.995077
4.517126
9.133577
4.802438
2.979755
7.813480
6.206280
3.172223
9.023925
5.201376
7.167266
6.124844
4.115044
6.511268
0.026621
6.118548
9.313961
2.843971
8.898409
0.944216
8.333381
1.542795
4.907947
2.403706
4.357810
0.994736
0.960355
2.968507
4.113215
0.248948
2.443819
6.723205
8.944747
8.214584
4.420694
8.446462
8.117641
6.742473
3.925943
5.323104
6.612834
7.999441
5.190594
5.381791
8.541812
0.820255
3.461514
6.924234
8.526070
5.199574
1.530133
0.792876
4.123893
5.071172
3.686544
9.458007
5.890386
0.538250
7.152264
4.892257
8.114791
0.300647
7.516539
1.971230
7.054544
9.332316
5.859050
7.570923
6.247077
3.347950
0.083352
3.292709
3.846680
1.798531
5.906864
5.721832
6.783199
5.778491
6.563054
5.922635
4.086590
1.186471
2.395872
3.586220
7.085495
0.963222
5.724859
9.907281
6.434435
5.269866
3.131363
3.492405
4.143245
5.397133
8.923543
4.478906
4.591458
1.176900
1.998514
2.254588
9.678179
3.828634
0.017850
4.523232
5.954287
2.110140
2.467671
5.108213
3.820097
0.434284
9.738934
5.191331
9.587785
8.474628
2.609029
3.496285
6.274256
9.807337
4.066976
2.926095
1.990683
7.778833
3.114684
5.574587
3.909360
0.309503
0.068992
7.006844
6.264950
2.595053
3.920835
5.094991
2.675273
4.301030
3.003638
7.376011
2.765583
7.198062
2.213348
5.458061
1.877063
6.667412
9.483382
8.123557
7.568512
1.268965
9.272407
7.671809
3.281387
0.695489
1.965488
2.228407
3.789370
4.564626
3.794823
1.349812
5.838358
8.737326
4.598857
6.632955
6.827426
2.782490
8.632801
5.907948
8.122253
5.866882
9.186325
6.585364
5.175503
8.923708
8.764857
6.169114
9.924391
5.872492
6.396685
3.755914
2.810753
6.747628
9.927705
4.489785
2.909968
2.687016
8.566351
9.144894
7.321603
4.206586
2.384939
5.211737
7.637118
4.064189
8.458024
4.367602
4.544886
6.595608
2.747830
0.920338
1.956492
3.102524
0.350194
0.612653
3.819803
8.953194
3.691476
9.942782
7.620869
2.275479
5.690684
8.746987
3.235306
0.692495
1.256241
6.371712
8.363883
2.328539
0.276607
4.537069
0.456179
3.443278
4.983665
6.653588
9.913028
9.370507
7.355821
2.826334
8.519672
3.197235
9.151320
7.711382
2.784316
1.121068
1.292547
3.868687
9.557053
5.603033
6.618264
8.808854
9.762434
3.922865
7.886525
4.830214
3.331007
3.198490
7.724857
4.794617
2.283167
7.441511
4.068175
1.772442
5.413478
2.056423
4.068162
8.711008
8.832421
5.413313
5.964297
1.096722
4.415402
3.346514
8.071258
3.027378
6.262762
1.110502
5.787906
9.527106
1.314595
4.881489
5.989285
5.144889
4.856994
1.262868
5.879523
8.130540
2.663246
5.674357
4.644295
5.351728
8.648144
5.846074
0.856150
9.305264
1.472798
3.880092
2.069010
2.595902
8.866142
1.538775
8.417881
2.136573
9.422018
0.337039
0.609236
0.746341
4.989324
6.013737
1.451984
8.437266
2.092553
6.903902
4.961378
4.567922
3.834359
1.907317
3.763577
8.003264
1.679270
8.519115
3.411389
1.620933
5.659498
6.375909
4.261976
2.286680
0.544316
5.601996
6.165060
6.847832
3.315594
8.697740
5.045677
4.609428
0.631381
5.189846
4.062916
7.438749
9.989813
8.148684
3.524656
8.578925
8.762814
4.289002
7.278056
7.651746
9.406159
6.395830
1.935319
5.301357
5.271352
8.718305
2.563582
3.839873
4.669898
5.731908
7.504338
8.688339
7.041556
4.281563
4.288553
7.627958
6.985541
4.824988
2.112882
8.864317
6.248173
6.115610
9.640507
6.056863
1.171813
4.677758
2.440787
6.544435
3.425818
4.976645
9.444072
8.487692
3.672997
3.122270
3.928084
0.992549
8.386205
3.243152
8.402225
9.486794
1.100553
5.092126
1.066045
3.572805
1.084478
1.791388
3.665126
1.675317
2.379037
4.951375
6.295403
1.383060
5.958752
9.302844
6.688204
2.364406
5.039557
5.980094
6.322951
8.027925
3.368961
9.464075
8.149308
0.403085
6.466600
8.731317
0.968074
2.424400
2.989388
8.268777
3.825881
4.872594
1.666611
9.717162
1.513144
2.073937
2.437706
9.280870
6.042672
8.517451
7.516942
9.464749
9.466302
7.065443
6.556366
3.292716
9.896590
7.799385
2.055967
3.400561
3.764709
9.096233
2.518717
5.093285
0.028588
3.850866
9.803355
1.117057
5.366878
2.188868
5.033275
0.343943
6.914536
1.742928
8.707846
8.296107
6.580304
7.805943
8.855862
8.519952
0.988375
5.022650
8.489060
9.030147
6.971106
9.453835
8.723400
8.562851
7.271412
8.264726
8.249449
4.505753
5.580071
2.600647
8.391210
1.340200
9.011834
9.885678
6.047938
8.253719
9.762706
0.633076
4.905835
4.556357
2.821121
7.932363
8.088053
3.135599
8.858742
3.852807
7.612129
0.860829
9.303772
3.043410
7.628858
3.925429
7.531381
1.395996
5.956315
7.413496
8.857411
6.835156
9.936269
1.718415
4.282022
6.973712
0.004700
2.818234
6.915946
3.096345
7.367650
8.727313
6.781518
1.129626
4.920909
0.672169
3.496639
4.890098
9.154239
0.409420
9.232765
4.536290
3.700882
9.896156
4.511753
9.877599
0.160778
5.717037
6.856330
6.662401
7.021405
1.312168
8.271328
6.111978
2.710802
7.589492
8.188159
2.375585
8.875255
4.667464
2.188035
5.948815
1.990278
5.926466
3.508438
5.958479
6.470959
9.593537
2.080636
0.701632
3.317218
6.567504
9.433136
6.747140
4.622398
9.894275
6.554193
4.924498
2.331483
4.727800
5.386734
6.465254
9.168836
9.104438
3.631457
6.274019
4.068095
3.003499
1.783589
5.967310
7.914836
6.057804
8.534277
4.976149
2.497842
6.848283
4.361545
1.065183
6.659020
3.107221
0.590911
9.669640
8.731366
9.095113
9.842549
9.729499
4.548594
8.073731
0.516857
7.881313
9.183967
0.253526
4.831075
4.251966
4.139837
6.090228
8.619520
8.631846
6.862574
6.477548
9.314943
4.021101
4.438353
8.821856
2.461111
8.360663
0.259593
4.936567
8.499703
6.567613
2.370844
1.113656
6.508390
9.091713
9.640485
0.240048
3.657696
9.020721
0.224421
0.156125
0.728706
4.990956
8.290758
9.802952
3.696579
2.724911
6.613515
0.143399
1.939022
4.595740
6.145974
1.915598
7.173485
9.845859
1.189625
1.934747
9.096395
7.579036
7.376930
7.785585
1.450029
2.312155
1.378129
6.824433
0.333101
8.901147
5.241020
7.009647
0.197189
2.076890
9.810728
3.204889
7.951449
8.145204
8.327922
0.260030
8.319759
1.312607
8.635508
6.442134
0.240271
7.847054
5.376388
8.177207
4.627660
2.902023
8.114330
9.106282
5.002335
7.469142
8.849254
8.685890
5.825639
0.552889
0.369141
3.896814
0.262503
9.003557
5.880458
1.037403
6.115802
5.756930
3.578283
4.218335
2.010532
9.992026
7.501096
6.908777
9.531830
5.589201
1.594486
1.155102
5.442724
7.823176
6.688598
5.373529
6.554808
9.570822
8.934596
5.829905
0.143960
0.366451
9.266413
4.262899
2.630165
4.485330
5.822910
9.308341
6.846007
3.296524
9.880892
7.784103
7.274565
5.855286
8.584210
7.794990
4.370062
9.276328
0.389937
7.943124
4.538977
7.814075
9.685236
8.425793
0.282272
5.615414
3.187464
4.013195
9.069451
1.089863
7.119846
3.825424
2.529892
2.563597
3.019827
6.400545
7.366812
9.853908
5.588290
6.222651
0.786660
6.857627
8.287851
9.170076
9.128472
7.653448
2.577157
8.425845
6.566528
1.916549
1.712701
8.364043
6.214745
5.945536
0.115100
0.790158
4.549376
2.967109
1.508848
2.808584
8.854362
0.473760
3.418480
5.494267
5.147623
2.179204
7.679485
9.393749
9.724530
3.394633
5.027316
1.389481
0.344078
8.195214
3.955462
8.981247
5.704200
8.942516
3.829648
5.452822
2.360844
7.512171
5.520896
7.088014
2.759944
7.427527
4.736004
8.879044
7.076967
9.916472
2.590181
8.197624
5.965756
2.595132
7.023876
7.604662
0.356088
9.023889
7.652820
7.492133
8.567652
0.120831
3.671614
9.436849
9.907489
9.286608
6.454014
1.411194
4.181816
5.267277
3.309569
7.364540
5.752119
1.039380
0.954345
8.502949
7.327082
1.127057
7.322955
3.070863
0.048360
4.867004
8.526243
2.064822
7.170799
4.221954
1.543829
2.802233
5.319134
0.986690
7.460632
2.388663
1.636076
2.761771
8.709267
6.604649
0.338788
2.863696
9.249682
5.637685
1.256114
7.818524
3.195957
9.302278
3.299756
7.148123
9.597123
1.707062
5.732127
0.248963
7.061843
7.749250
0.480885
9.351717
2.015125
5.442328
2.050345
3.336068
0.970364
2.045388
4.385699
3.520600
6.274235
9.656477
9.673132
1.495007
7.314006
4.261687
8.109750
1.500890
0.359711
8.815194
5.884854
2.561399
7.448294
9.412794
8.285297
6.940507
2.655092
7.616776
4.854673
2.761797
2.351724
7.733108
4.236848
0.003035
9.293448
1.335781
0.827356
0.921955
2.908313
6.489975
5.175677
1.826230
9.086887
5.136777
6.654400
2.786891
7.967860
8.031095
2.466794
7.950435
6.122574
4.436898
1.570617
5.008113
7.859660
6.973804
9.202903
4.529002
9.465785
8.644657
4.398169
6.464861
3.463013
7.668979
4.809132
0.951377
4.363426
7.789426
6.901605
9.238534
9.089790
4.942885
2.996647
5.168275
0.646420
7.060899
7.623968
1.705277
2.186731
4.221000
2.508406
0.860626
1.346120
7.702387
4.169658
8.741538
0.765044
6.468077
1.716011
4.286256
3.478422
2.634624
9.188312
2.461428
2.634133
8.644470
3.001265
1.099293
6.762507
8.636098
2.454974
1.511512
1.694507
5.287670
5.354438
6.364684
1.145769
9.871912
3.088238
7.556259
8.378762
8.068129
4.831561
1.844765
1.269060
1.073675
6.899155
7.209305
9.706499
5.939223
0.718426
1.359175
4.518718
2.756517
8.171546
7.236157
8.721102
4.541388
5.697218
4.526670
7.777432
0.446549
9.329328
2.136243
6.264350
7.217215
8.979433
5.682358
8.065251
8.038790
8.585640
6.861612
7.495834
6.606782
5.486244
9.675317
1.411491
3.104139
8.261424
8.213071
8.527152
2.432596
6.141674
8.074850
1.028971
6.564428
9.074963
1.919434
9.264529
1.397119
8.219335
7.178847
4.309143
0.965674
0.486147
4.660233
4.453291
6.771858
8.280303
9.389185
7.020751
4.243815
9.854150
2.885741
7.258984
8.468441
6.859659
5.564912
2.600168
7.608179
5.249755
8.092870
4.728291
3.417653
2.113686
1.534908
9.032115
1.475443
6.837750
1.055750
0.042285
7.300724
6.526064
3.459323
9.347704
5.137014
7.311706
7.368049
6.455183
0.702163
5.016828
9.094516
3.873883
3.112799
3.611045
4.238882
7.620074
4.429584
5.067120
9.141045
3.504125
9.349384
7.072016
7.286275
9.467155
8.655499
0.491462
3.380752
4.820965
2.915044
3.637567
2.337849
2.397408
4.695618
4.291125
0.462371
7.641850
4.741016
8.415754
2.859522
7.489066
0.400952
2.347467
3.610957
8.266933
9.909375
3.450266
4.554751
0.911180
4.689732
7.042910
2.730527
5.638724
3.262992
4.423842
7.820587
4.260125
0.785204
9.532763
1.118583
9.971287
0.949862
4.425054
1.379028
6.237930
6.488011
3.072663
8.165749
3.662500
7.853402
0.914540
2.232638
9.712971
9.751720
0.818051
2.917768
0.008648
9.870439
4.058235
5.782750
7.055647
2.176400
0.103535
9.655912
8.128887
9.143216
9.758536
6.412215
2.892421
7.117024
1.826827
7.491832
2.075675
8.742098
3.410915
6.504748
9.225166
0.790808
8.614372
5.128790
2.123653
8.303353
4.743188
3.994276
7.810836
4.825316
2.460900
3.379916
2.877486
9.370705
5.621744
6.567869
5.479139
3.410295
7.024285
7.137096
4.244946
8.851438
0.153887
6.742695
8.939349
6.371232
9.027987
7.269160
9.021304
9.927578
5.329943
0.422820
2.017644
0.272154
2.576163
4.326128
0.265986
4.393632
2.676248
9.904071
3.371831
9.190741
0.950105
9.582489
8.547688
8.176177
4.171762
0.169756
9.008634
0.509001
9.905238
4.724927
2.582641
7.805270
6.638374
1.970729
5.201082
6.818050
3.710928
0.998015
8.222731
2.964811
9.328943
3.565902
2.021381
2.165689
7.437190
7.136420
0.115475
6.220476
7.795996
3.739272
7.607206
7.996555
9.074145
3.578445
9.957098
2.177895
1.663618
1.583092
2.029357
4.519474
7.305027
0.670421
7.158730
0.190365
6.067853
0.485165
1.438864
0.680382
8.583983
7.969600
0.056042
5.510508
0.789691
6.898989
1.957209
0.633635
3.215512
5.428046
2.831876
1.347890
5.169301
1.334464
1.171455
0.521308
7.306801
3.316272
8.081458
5.122026
6.583038
1.374224
9.767623
7.564742
2.566801
0.000662
6.565783
1.030440
5.563141
3.598926
0.174667
3.659661
6.207968
4.213148
6.381590
5.840602
9.383387
6.688406
5.115357
7.522222
2.441104
9.951496
1.378249
3.929803
3.776792
6.333720
5.655291
7.742441
2.460331
7.445152
3.013490
2.521879
3.830664
2.745484
3.993089
8.805751
4.470863
9.263652
7.269715
8.810466
8.067639
2.769681
9.412859
1.111733
1.098180
0.625277
0.289606
1.801448
0.864955
2.685109
5.090059
6.456350
7.035491
3.350065
6.765579
0.492664
3.327313
7.755751
2.316543
8.303096
7.260891
1.544834
6.029718
5.790757
3.360915
2.704004
4.073709
6.238901
9.093795
4.684153
0.800040
4.534181
5.873247
9.596534
5.683678
0.908513
6.247838
8.598575
5.855872
8.190871
6.257020
9.471408
8.413004
0.165394
2.234767
8.216739
6.201884
2.943525
7.337307
7.097847
5.648272
5.121283
7.613851
3.266273
2.853913
2.081240
2.179861
8.534816
7.587605
0.551259
7.593323
4.421934
4.494470
2.911866
3.585089
3.980504
6.253305
5.801309
6.499775
6.177610
6.238164
4.880492
2.909986
1.189025
5.101445
0.405821
6.961333
7.248386
5.869496
4.910863
3.141183
1.602017
2.097897
3.616404
7.581798
4.194297
3.740236
4.838006
8.464977
7.262359
1.531485
4.877567
3.880710
3.185102
7.254343
2.603845
0.275903
6.016662
4.182048
2.413148
7.069513
4.196141
4.940422
6.140618
7.855819
4.815062
2.351824
8.784926
4.000113
9.199376
8.065523
0.229262
0.228999
4.106945
2.513385
5.095392
3.250662
6.479328
8.484828
8.124254
4.746199
0.450035
5.715676
3.744921
1.964217
6.685743
9.179855
5.477102
9.454713
4.512348
6.532927
2.346831
4.635352
5.280252
0.476438
8.007804
9.787156
7.003047
0.550491
9.917883
7.022498
9.984459
0.674826
6.752735
5.388112
0.214500
6.955924
4.951891
5.835670
0.256562
0.999482
3.429420
8.217940
9.954133
6.381856
4.784743
4.705221
4.016608
7.947984
3.627044
2.634534
0.484044
4.718925
1.338806
0.858433
6.014695
9.476894
8.210716
3.570448
0.864616
1.748279
0.954483
5.422115
5.961691
2.319683
2.972790
1.261920
6.000255
2.797094
6.114778
3.943849
2.379387
5.141237
9.176454
5.955066
1.662646
2.082766
6.980856
9.326734
6.447526
2.500736
6.402799
7.289463
4.868154
8.607179
4.794372
6.236111
8.794653
3.089762
8.059881
4.185292
5.289901
2.035218
1.966443
3.077212
6.513209
8.104160
4.255777
0.204034
3.107329
3.466589
4.901873
6.616730
0.350481
7.934733
5.222556
4.591607
1.576828
1.566972
6.904431
1.186289
1.314239
7.006533
6.216784
7.350013
0.904061
8.797361
3.542479
1.149362
3.064845
4.604961
7.102163
9.043043
3.873855
3.123302
5.652529
2.487573
2.830465
2.448162
0.487586
0.700437
6.620778
9.830800
9.147640
2.226852
1.353995
1.619975
0.928440
3.939310
7.987561
2.833348
8.692586
6.754672
5.185792
2.623419
1.171604
1.085493
2.129212
1.476788
6.807528
2.917977
5.299732
8.711690
5.175831
9.593195
1.855663
7.189193
0.284721
3.092104
8.984883
4.441592
6.162296
2.872987
0.647580
6.346413
7.703073
5.011173
4.307702
3.410833
4.131842
3.161292
6.941507
3.906871
8.300898
7.705206
0.971639
0.336840
3.259357
7.303822
0.376314
8.018850
0.750782
7.848305
2.621155
2.442015
4.295559
5.126022
7.982629
4.842008
0.561740
0.400938
1.727108
0.800453
5.379604
5.050691
